80 80 80 81 82 82 83 84 83 82 83 84 84 84 85 85
80 81 80 81 81 82 84 85 83 82 83 84 83 84 85 86
80 80 81 81 83 82 82 83 83 83 83 86 85 84 85 86
81 81 82 81 82 83 82 82 84 83 83 85 84 85 86 86
80 81 81 82 81 82 84 85 85 84 83 84 85 86 86 86
75 77 78 80 80 80 83 84 84 83 82 83 86 86 87 87
65 69 70 71 73 75 76 77 78 79 80 81 83 84 85 85
57 59 61 61 63 65 66 68 70 71 73 75 76 78 78 80
49 50 52 53 54 56 58 58 61 63 63 64 68 70 69 71
38 40 41 42 44 46 48 50 51 54 55 56 59 61 61 61
26 27 28 29 29 33 36 38 39 42 45 46 49 50 51 51
22 21 22 21 21 24 26 27 28 32 35 36 37 37 40 41
20 21 21 22 22 21 23 21 22 25 26 26 27 28 30 31
21 21 21 22 23 23 23 22 23 23 23 24 23 25 26 25
21 20 21 21 22 23 23 23 24 24 24 24 24 25 26 25
22 21 20 21 21 22 22 22 22 23 24 23 23 23 23 23