74 74 72 74 74 74 74 74 76 78 77 77 78 77 77 78
73 73 72 72 73 75 76 75 76 79 78 77 77 77 78 78
73 73 74 74 75 74 74 76 75 77 77 77 77 77 79 78
67 69 71 72 73 73 75 76 76 78 78 79 78 78 79 80
57 57 58 61 63 65 68 69 69 73 75 76 76 78 79 79
52 51 52 53 55 55 56 59 60 61 63 65 68 69 71 71
47 49 51 52 52 52 52 53 55 56 55 56 57 58 61 60
34 36 38 41 42 44 46 50 53 54 56 55 54 56 58 56
28 28 27 28 29 31 33 35 38 41 44 45 47 49 51 54
26 25 25 26 26 27 27 28 28 29 30 31 32 33 37 40
31 29 30 30 29 29 27 27 27 26 26 27 26 27 29 30
39 38 37 36 36 34 33 33 32 33 31 30 30 29 27 28
48 47 46 45 45 43 41 41 40 40 39 39 38 38 36 37
55 54 52 51 51 51 49 49 48 48 48 46 46 45 44 45
57 57 55 56 55 54 53 54 54 54 53 51 52 52 50 50
52 53 54 55 56 56 57 58 59 58 58 57 56 56 55 53